offset_x:-5.08649068358
offset_y:-3.68823071732
offset_z:10.1331778958