norm_a:1.08456695527
offset_gx:-0.0168025495717
offset_gy:0.00791358338785
offset_gz:0.0243452877505
offset_mx:9.74125600164
offset_my:-9.34755753972
offset_mz:8.44743977479