norm_a:0.95882332176
offset_gx:0.0147059758892
offset_gy:-0.0170435656374
offset_gz:-0.00181694169994
offset_mx:1.12328823421
offset_my:-8.23258658726
offset_mz:-3.79960166995